date	United States	South Korea	Italy	China
2019-12-31	0.0	0.0	0.0	27.0
2020-01-01	0.0	0.0	0.0	0.0
2020-01-02	0.0	0.0	0.0	0.0
2020-01-03	0.0	0.0	0.0	17.0
2020-01-04	0.0	0.0	0.0	0.0
2020-01-05	0.0	0.0	0.0	15.0
2020-01-06	0.0	0.0	0.0	0.0
2020-01-07	0.0	0.0	0.0	0.0
2020-01-08	0.0	0.0	0.0	0.0
2020-01-09	0.0	0.0	0.0	0.0
2020-01-10	0.0	0.0	0.0	0.0
2020-01-11	0.0	0.0	0.0	0.0
2020-01-12	0.0	0.0	0.0	0.0
2020-01-13	0.0	0.0	0.0	0.0
2020-01-14	0.0	0.0	0.0	0.0
2020-01-15	0.0	0.0	0.0	0.0
2020-01-16	0.0	0.0	0.0	0.0
2020-01-17	0.0	0.0	0.0	4.0
2020-01-18	0.0	0.0	0.0	17.0
2020-01-19	0.0	0.0	0.0	136.0
2020-01-20	0.0	1.0	0.0	19.0
2020-01-21	1.0	0.0	0.0	151.0
2020-01-22	0.0	0.0	0.0	140.0
2020-01-23	0.0	0.0	0.0	97.0
2020-01-24	0.0	1.0	0.0	259.0
2020-01-25	1.0	0.0	0.0	441.0
2020-01-26	0.0	1.0	0.0	665.0
2020-01-27	3.0	1.0	0.0	787.0
2020-01-28	0.0	0.0	0.0	1753.0
2020-01-29	0.0	0.0	0.0	1466.0
2020-01-30	0.0	0.0	0.0	1740.0
2020-01-31	1.0	3.0	3.0	1980.0
2020-02-01	1.0	5.0	0.0	2095.0
2020-02-02	1.0	3.0	0.0	2590.0
2020-02-03	3.0	0.0	0.0	2812.0
2020-02-04	0.0	1.0	0.0	3237.0
2020-02-05	0.0	2.0	0.0	3872.0
2020-02-06	1.0	5.0	0.0	3727.0
2020-02-07	0.0	1.0	0.0	3160.0
2020-02-08	0.0	0.0	0.0	3418.0
2020-02-09	0.0	1.0	0.0	2607.0
2020-02-10	0.0	2.0	0.0	2974.0
2020-02-11	1.0	1.0	0.0	2490.0
2020-02-12	0.0	0.0	0.0	2028.0
2020-02-13	1.0	0.0	0.0	15141.0
2020-02-14	1.0	0.0	0.0	4156.0
2020-02-15	0.0	0.0	0.0	2538.0
2020-02-16	0.0	1.0	0.0	2007.0
2020-02-17	0.0	1.0	0.0	2052.0
2020-02-18	0.0	1.0	0.0	1890.0
2020-02-19	0.0	15.0	0.0	1750.0
2020-02-20	0.0	34.0	0.0	394.0
2020-02-21	1.0	75.0	0.0	891.0
2020-02-22	19.0	190.0	14.0	826.0
2020-02-23	0.0	256.0	62.0	647.0
2020-02-24	0.0	161.0	53.0	218.0
2020-02-25	18.0	130.0	97.0	515.0
2020-02-26	0.0	254.0	93.0	410.0
2020-02-27	6.0	449.0	78.0	439.0
2020-02-28	1.0	427.0	250.0	329.0
2020-02-29	6.0	909.0	238.0	428.0
2020-03-01	3.0	595.0	240.0	574.0
2020-03-02	20.0	686.0	561.0	205.0
2020-03-03	14.0	600.0	347.0	127.0
2020-03-04	22.0	516.0	466.0	119.0
2020-03-05	34.0	438.0	587.0	117.0
2020-03-06	74.0	518.0	769.0	170.0
2020-03-07	105.0	483.0	778.0	101.0
2020-03-08	95.0	367.0	1247.0	46.0
2020-03-09	121.0	248.0	1492.0	45.0
2020-03-10	200.0	131.0	1797.0	20.0
2020-03-11	271.0	242.0	977.0	29.0
2020-03-12	287.0	114.0	2313.0	24.0
2020-03-13	351.0	110.0	2651.0	22.0
2020-03-14	511.0	107.0	2547.0	19.0
2020-03-15	777.0	76.0	3497.0	22.0
2020-03-16	823.0	74.0	2823.0	25.0
2020-03-17	887.0	84.0	4000.0	43.0
2020-03-18	1766.0	93.0	3526.0	23.0
2020-03-19	2988.0	152.0	4207.0	44.0
2020-03-20	4835.0	87.0	5322.0	99.0
2020-03-21	5374.0	147.0	5986.0	52.0
2020-03-22	7123.0	98.0	6557.0	65.0
2020-03-23	8459.0	64.0	5560.0	138.0
2020-03-24	11236.0	76.0	4789.0	69.0
2020-03-25	8789.0	100.0	5249.0	78.0
2020-03-26	13963.0	104.0	5210.0	102.0
2020-03-27	16797.0	91.0	6153.0	94.0
2020-03-28	18695.0	146.0	5959.0	119.0
2020-03-29	19979.0	105.0	5974.0	113.0
2020-03-30	18360.0	78.0	5217.0	98.0
2020-03-31	21595.0	125.0	4050.0	84.0
2020-04-01	24998.0	0.0	4053.0	54.0
2020-04-02	27103.0	190.0	4782.0	100.0
2020-04-03	28819.0	86.0	4668.0	70.0
2020-04-04	32425.0	94.0	4585.0	62.0
2020-04-05	34272.0	81.0	4805.0	48.0
2020-04-06	25398.0	47.0	4316.0	67.0
2020-04-07	30561.0	47.0	3599.0	56.0
2020-04-08	30613.0	53.0	3039.0	86.0
2020-04-09	33323.0	39.0	3836.0	86.0
2020-04-10	33901.0	27.0	4204.0	55.0
2020-04-11	35527.0	0.0	3951.0	79.0
2020-04-12	28391.0	62.0	4694.0	93.0
2020-04-13	27620.0	25.0	4092.0	112.0
2020-04-14	25023.0	27.0	3153.0	94.0
2020-04-15	26922.0	27.0	2972.0	49.0
2020-04-16	30148.0	22.0	2667.0	50.0
2020-04-17	31667.0	22.0	3786.0	352.0
2020-04-18	30833.0	18.0	3493.0	31.0
2020-04-19	32922.0	8.0	3491.0	18.0
2020-04-20	24601.0	13.0	3047.0	14.0
2020-04-21	28065.0	9.0	2256.0	32.0
2020-04-22	37289.0	11.0	2729.0	15.0
2020-04-23	17588.0	8.0	3370.0	12.0
2020-04-24	26543.0	6.0	2646.0	8.0
2020-04-25	21352.0	10.0	3021.0	15.0
2020-04-26	48529.0	10.0	2357.0	10.0
2020-04-27	26857.0	10.0	2324.0	3.0
2020-04-28	22541.0	14.0	1739.0	26.0
2020-04-29	24132.0	9.0	2091.0	2.0
2020-04-30	27326.0	4.0	2086.0	4.0
2020-05-01	29917.0	9.0	1872.0	12.0
2020-05-02	33955.0	6.0	1965.0	3.0
2020-05-03	29288.0	13.0	1900.0	2.0
2020-05-04	24972.0	8.0	1389.0	3.0
2020-05-05	22593.0	3.0	1221.0	2.0
2020-05-06	23841.0	2.0	1075.0	2.0
2020-05-07	24128.0	4.0	1444.0	2.0
2020-05-08	28369.0	12.0	1401.0	6.0
2020-05-09	26957.0	18.0	1327.0	0.0
2020-05-10	25612.0	34.0	1083.0	15.0
2020-05-11	20258.0	35.0	802.0	19.0
2020-05-12	18117.0	27.0	744.0	1.0
2020-05-13	22048.0	26.0	1402.0	7.0
2020-05-14	20782.0	29.0	888.0	6.0
2020-05-15	27143.0	27.0	992.0	5.0
2020-05-16	25508.0	19.0	789.0	9.0
2020-05-17	24487.0	13.0	875.0	6.0
2020-05-18	18873.0	15.0	675.0	10.0
2020-05-19	21841.0	13.0	451.0	9.0
2020-05-20	19970.0	32.0	813.0	2.0
2020-05-21	23285.0	12.0	665.0	2.0
2020-05-22	25434.0	20.0	642.0	12.0
2020-05-23	24147.0	23.0	652.0	2.0
2020-05-24	21236.0	25.0	669.0	3.0
2020-05-25	20568.0	16.0	531.0	11.0
2020-05-26	19064.0	19.0	300.0	7.0
2020-05-27	18910.0	40.0	397.0	1.0
2020-05-28	18721.0	79.0	584.0	3.0
2020-05-29	21817.0	58.0	593.0	0.0
2020-05-30	25337.0	39.0	516.0	17.0
2020-05-31	23297.0	27.0	416.0	5.0
2020-06-01	19807.0	35.0	355.0	19.0
2020-06-02	21086.0	38.0	178.0	7.0
2020-06-03	20544.0	49.0	318.0	5.0
2020-06-04	19699.0	39.0	321.0	1.0
2020-06-05	21140.0	39.0	177.0	11.0
2020-06-06	25178.0	51.0	518.0	6.0
2020-06-07	22223.0	57.0	270.0	9.0
2020-06-08	22302.0	38.0	197.0	5.0
2020-06-09	18822.0	38.0	280.0	3.0
2020-06-10	18665.0	50.0	283.0	4.0
2020-06-11	20614.0	45.0	202.0	11.0
2020-06-12	22883.0	56.0	379.0	7.0
2020-06-13	25639.0	48.0	163.0	12.0
2020-06-14	25540.0	33.0	346.0	60.0
2020-06-15	19543.0	37.0	338.0	47.0
2020-06-16	19957.0	34.0	301.0	43.0
2020-06-17	23705.0	43.0	210.0	44.0
2020-06-18	25559.0	59.0	328.0	36.0
2020-06-19	27762.0	49.0	331.0	36.0
2020-06-20	29909.0	67.0	-148.0	30.0
2020-06-21	34158.0	48.0	264.0	29.0
2020-06-22	25793.0	17.0	224.0	19.0
2020-06-23	31390.0	46.0	221.0	52.0
2020-06-24	34720.0	51.0	113.0	29.0
2020-06-25	34339.0	28.0	577.0	20.0
2020-06-26	40949.0	39.0	296.0	28.0
2020-06-27	45527.0	51.0	255.0	24.0
2020-06-28	42486.0	62.0	175.0	18.0
2020-06-29	38673.0	42.0	174.0	14.0
2020-06-30	41556.0	43.0	126.0	23.0
2020-07-01	43880.0	50.0	142.0	5.0
2020-07-02	52048.0	54.0	182.0	31.0
2020-07-03	53399.0	63.0	201.0	14.0
2020-07-04	54442.0	63.0	223.0	9.0
2020-07-05	45221.0	61.0	235.0	18.0
2020-07-06	49093.0	0.0	192.0	14.0
2020-07-07	49990.0	90.0	208.0	25.0
2020-07-08	57473.0	63.0	137.0	21.0
2020-07-09	58906.0	49.0	193.0	33.0
2020-07-10	63004.0	45.0	214.0	46.0
2020-07-11	66625.0	35.0	276.0	40.0
2020-07-12	63051.0	44.0	188.0	35.0
2020-07-13	57258.0	62.0	234.0	46.0
2020-07-14	58114.0	33.0	169.0	55.0
2020-07-15	68518.0	39.0	114.0	54.0
2020-07-16	67717.0	61.0	162.0	20.0
2020-07-17	76930.0	60.0	230.0	77.0
2020-07-18	71494.0	39.0	231.0	80.0
2020-07-19	63749.0	34.0	249.0	80.0
2020-07-20	61796.0	26.0	218.0	130.0
2020-07-21	56750.0	45.0	190.0	84.0
2020-07-22	72048.0	63.0	128.0	74.0
2020-07-23	68848.0	59.0	280.0	135.0
2020-07-24	63196.0	41.0	306.0	139.0
2020-07-25	78427.0	113.0	252.0	157.0
2020-07-26	65498.0	58.0	274.0	179.0
2020-07-27	55993.0	25.0	254.0	189.0
2020-07-28	56243.0	28.0	168.0	213.0
2020-07-29	61734.0	48.0	202.0	207.0
2020-07-30	74985.0	18.0	288.0	223.0
2020-07-31	68032.0	36.0	382.0	276.0
2020-08-01	67023.0	31.0	379.0	166.0
2020-08-02	58407.0	0.0	295.0	172.0
2020-08-03	47511.0	53.0	238.0	158.0
2020-08-04	45607.0	34.0	159.0	114.0
2020-08-05	57525.0	33.0	190.0	107.0
2020-08-06	52804.0	43.0	384.0	122.0
2020-08-07	59755.0	20.0	401.0	132.0
2020-08-08	58150.0	43.0	552.0	120.0
2020-08-09	56221.0	36.0	347.0	92.0
2020-08-10	46847.0	28.0	463.0	121.0
